##TITLE= Parameter file, TopSpin 3.5.b.79 pl 6
##JCAMPDX= 5.0
##DATATYPE= Parameter Values
##NPOINTS= 1	$$ modification sequence number
##ORIGIN= Bruker BioSpin GmbH
##OWNER= nmrsu
$$ 2019-05-17 12:49:14.978 +0100  nmrsu@IT021842
$$ C:\Bruker\TopSpin3.5.b.79pl6\exp\stan\nmr\par\user/2DJ_TSE_PSYCHE_MD1.icon/clevels
$$ process C:\Bruker\TopSpin3.5.b.79pl6\prog\mod\edparproc.exe
##$LEVELS= (0..255)
685.75 -685.75 1078.19 -1078.19 1695.23 -1695.23 2665.38 -2665.38 4190.74
-4190.74 6589.05 -6589.05 10359.86 -10359.86 16288.67 -16288.67 25610.44
-25610.44 40266.92 -40266.92 63311.1 -63311.1 99543.12 -99543.12 156510.21
-156510.21 246078.74 -246078.74 386906.04 -386906.04 608326.75 -608326.75
956463.33 -956463.33 1503833.41 -1503833.41 2364455.46 -2364455.46 3717599.02
-3717599.02 0 0 0 0 0 0 0 0 0 0 0 0 0 0 0 0 0 0 0 0 0 0 0 0 0 0 0 0 0 0
0 0 0 0 0 0 0 0 0 0 0 0 0 0 0 0 0 0 0 0 0 0 0 0 0 0 0 0 0 0 0 0 0 0 0 0
0 0 0 0 0 0 0 0 0 0 0 0 0 0 0 0 0 0 0 0 0 0 0 0 0 0 0 0 0 0 0 0 0 0 0 0
0 0 0 0 0 0 0 0 0 0 0 0 0 0 0 0 0 0 0 0 0 0 0 0 0 0 0 0 0 0 0 0 0 0 0 0
0 0 0 0 0 0 0 0 0 0 0 0 0 0 0 0 0 0 0 0 0 0 0 0 0 0 0 0 0 0 0 0 0 0 0 0
0 0 0 0 0 0 0 0 0 0 0 0 0 0 0 0 0 0 0 0 0 0 0 0 0 0 0 0 0 0 0 0 0 0 0 0
0 0 0 0 0 0
##$LEVSIGN= 3
##$MAXLEV= 20
##$METHOD= 0
##$NEGBASE= -685.75
##$NEGINCR= 1.8
##$POSBASE= 685.75
##$POSINCR= 1.8
##END=
