##TITLE= Parameter file, TopSpin 3.6.2
##JCAMPDX= 5.0
##DATATYPE= Parameter Values
##NPOINTS= 10	$$ modification sequence number
##ORIGIN= Bruker BioSpin GmbH
##OWNER= nmrsu
$$ 2026-03-24 13:46:13.644 +0000  nmrsu@CZC3047DVN
$$ C:/Data/2026/va/rc/enoxolone/12/pdata/1/clevels
$$ process C:\Bruker\TopSpin3.6.2\prog\mod\dataserver.exe
##$LEVELS= (0..255)
-2330283.97825506 -1294602.2101417 -719223.450078721 -399568.583377067
-221982.546320593 -123323.636844774 -68513.1315804299 -38062.8508780166
38062.8508780166 68513.1315804299 123323.636844774 221982.546320593 399568.583377067
719223.450078721 1294602.2101417 2330283.97825506 0 0 0 0 0 0 0 0 0 0 0
0 0 0 0 0 0 0 0 0 0 0 0 0 0 0 0 0 0 0 0 0 0 0 0 0 0 0 0 0 0 0 0 0 0 0 0
0 0 0 0 0 0 0 0 0 0 0 0 0 0 0 0 0 0 0 0 0 0 0 0 0 0 0 0 0 0 0 0 0 0 0 0
0 0 0 0 0 0 0 0 0 0 0 0 0 0 0 0 0 0 0 0 0 0 0 0 0 0 0 0 0 0 0 0 0 0 0 0
0 0 0 0 0 0 0 0 0 0 0 0 0 0 0 0 0 0 0 0 0 0 0 0 0 0 0 0 0 0 0 0 0 0 0 0
0 0 0 0 0 0 0 0 0 0 0 0 0 0 0 0 0 0 0 0 0 0 0 0 0 0 0 0 0 0 0 0 0 0 0 0
0 0 0 0 0 0 0 0 0 0 0 0 0 0 0 0 0 0 0 0 0 0 0 0 0 0 0 0 0 0 0 0 0 0 0 0
0 0 0 0 0 0 0 0 0 0 0 0 0
##$LEVSIGN= 3
##$MAXLEV= 8
##$METHOD= 0
##$NEGBASE= -3364.312496
##$NEGINCR= 1.8
##$POSBASE= 3364.312496
##$POSINCR= 1.8
##END=
