##TITLE= Parameter file, TopSpin 3.6.2
##JCAMPDX= 5.0
##DATATYPE= Parameter Values
##NPOINTS= 8	$$ modification sequence number
##ORIGIN= Bruker BioSpin GmbH
##OWNER= nmrsu
$$ 2026-03-24 14:23:03.395 +0000  nmrsu@CZC3047DVN
$$ C:/Data/2026/va/rc/enoxolone/1014/pdata/1/clevels
$$ process C:\Bruker\TopSpin3.6.2\prog\mod\dataserver.exe
##$LEVELS= (0..255)
-643450.906872176 -357472.726040098 -198595.958911165 -110331.088283981
-61295.049046656 -34052.80502592 -18918.2250144 -10510.125008 10510.125008
18918.2250144 34052.80502592 61295.049046656 110331.088283981 198595.958911165
357472.726040098 643450.906872176 0 0 0 0 0 0 0 0 0 0 0 0 0 0 0 0 0 0 0
0 0 0 0 0 0 0 0 0 0 0 0 0 0 0 0 0 0 0 0 0 0 0 0 0 0 0 0 0 0 0 0 0 0 0 0
0 0 0 0 0 0 0 0 0 0 0 0 0 0 0 0 0 0 0 0 0 0 0 0 0 0 0 0 0 0 0 0 0 0 0 0
0 0 0 0 0 0 0 0 0 0 0 0 0 0 0 0 0 0 0 0 0 0 0 0 0 0 0 0 0 0 0 0 0 0 0 0
0 0 0 0 0 0 0 0 0 0 0 0 0 0 0 0 0 0 0 0 0 0 0 0 0 0 0 0 0 0 0 0 0 0 0 0
0 0 0 0 0 0 0 0 0 0 0 0 0 0 0 0 0 0 0 0 0 0 0 0 0 0 0 0 0 0 0 0 0 0 0 0
0 0 0 0 0 0 0 0 0 0 0 0 0 0 0 0 0 0 0 0 0 0 0 0 0 0 0 0 0 0 0 0 0 0 0 0
0 0 0 0 0
##$LEVSIGN= 3
##$MAXLEV= 8
##$METHOD= 0
##$NEGBASE= -10510.125008
##$NEGINCR= 1.8
##$POSBASE= 10510.125008
##$POSINCR= 1.8
##END=
