##TITLE= Parameter file, TopSpin 3.6.2
##JCAMPDX= 5.0
##DATATYPE= Parameter Values
##NPOINTS= 2	$$ modification sequence number
##ORIGIN= Bruker BioSpin GmbH
##OWNER= nmrsu
$$ 2026-03-04 12:57:10.462 +0000  NMR Superuser@CZC4030R51
$$ C:\Bruker\TopSpin3.6.2\exp\stan\nmr\par\user/tse_psyche_jres/clevels
$$ process C:\Bruker\TopSpin3.6.2\prog\mod\edparproc.exe
##$LEVELS= (0..255)
-400142808.201677 -254497551.387935 -161864719.811795 -102948682.940025
-65477092.2683317 -41644531.4631567 -26486621.4813911 -16845935.9400289
-10714297.9540479 -6814473.86015752 -4334119.51093969 -2756573.08003071
-1753226.77905979 -1115080.849407 -709210.691146906 -451069.21510946 -286887.486355262
-182465.642232639 -116050.701556018 -73810.5237407503 73810.5237407503
116050.701556018 182465.642232639 286887.486355262 451069.21510946 709210.691146906
1115080.849407 1753226.77905979 2756573.08003071 4334119.51093969 6814473.86015752
10714297.9540479 16845935.9400289 26486621.4813911 41644531.4631567 65477092.2683317
102948682.940025 161864719.811795 254497551.387935 400142808.201677 0 0
0 0 0 0 0 0 0 0 0 0 0 0 0 0 0 0 0 0 0 0 0 0 0 0 0 0 0 0 0 0 0 0 0 0 0 0
0 0 0 0 0 0 0 0 0 0 0 0 0 0 0 0 0 0 0 0 0 0 0 0 0 0 0 0 0 0 0 0 0 0 0 0
0 0 0 0 0 0 0 0 0 0 0 0 0 0 0 0 0 0 0 0 0 0 0 0 0 0 0 0 0 0 0 0 0 0 0 0
0 0 0 0 0 0 0 0 0 0 0 0 0 0 0 0 0 0 0 0 0 0 0 0 0 0 0 0 0 0 0 0 0 0 0 0
0 0 0 0 0 0 0 0 0 0 0 0 0 0 0 0 0 0 0 0 0 0 0 0 0 0 0 0 0 0 0 0 0 0 0 0
0 0 0 0 0 0 0 0 0 0 0 0 0 0 0 0 0 0 0 0 0 0 0 0 0 0 0 0 0 0 0 0 0 0
##$LEVSIGN= 3
##$MAXLEV= 20
##$METHOD= 0
##$NEGBASE= -685.75
##$NEGINCR= 1.8
##$POSBASE= 685.75
##$POSINCR= 1.8
##END=
