##TITLE= Parameter file, TopSpin 3.5.b.79 pl 6
##JCAMPDX= 5.0
##DATATYPE= Parameter Values
##NPOINTS= 1	$$ modification sequence number
##ORIGIN= Bruker BioSpin GmbH
##OWNER= nmrsu
$$ 2026-01-27 16:44:30.750 +0000  nmrsu@IT021842
$$ C:\Bruker\TopSpin3.5.b.79pl6\exp\stan\nmr\par\user/IPAP_HSQMBC.rc/clevels
$$ process C:\Bruker\TopSpin3.5.b.79pl6\prog\mod\edparproc.exe
##$LEVELS= (0..255)
-122524.360034312 -68069.0889079511 -37816.1605044173 -21008.9780580096
-11671.654476672 -6484.25248704 -3602.3624928 -2001.312496 2001.312496
3602.3624928 6484.25248704 11671.654476672 21008.9780580096 37816.1605044173
68069.0889079511 122524.360034312 0 0 0 0 0 0 0 0 0 0 0 0 0 0 0 0 0 0 0
0 0 0 0 0 0 0 0 0 0 0 0 0 0 0 0 0 0 0 0 0 0 0 0 0 0 0 0 0 0 0 0 0 0 0 0
0 0 0 0 0 0 0 0 0 0 0 0 0 0 0 0 0 0 0 0 0 0 0 0 0 0 0 0 0 0 0 0 0 0 0 0
0 0 0 0 0 0 0 0 0 0 0 0 0 0 0 0 0 0 0 0 0 0 0 0 0 0 0 0 0 0 0 0 0 0 0 0
0 0 0 0 0 0 0 0 0 0 0 0 0 0 0 0 0 0 0 0 0 0 0 0 0 0 0 0 0 0 0 0 0 0 0 0
0 0 0 0 0 0 0 0 0 0 0 0 0 0 0 0 0 0 0 0 0 0 0 0 0 0 0 0 0 0 0 0 0 0 0 0
0 0 0 0 0 0 0 0 0 0 0 0 0 0 0 0 0 0 0 0 0 0 0 0 0 0 0 0 0 0 0 0 0 0 0 0
0 0 0 0 0
##$LEVSIGN= 3
##$MAXLEV= 8
##$METHOD= 0
##$NEGBASE= -2001.312496
##$NEGINCR= 1.8
##$POSBASE= 2001.312496
##$POSINCR= 1.8
##END=
